Sudoku 0:
  4  9  7  3  2  8  6  1  5
  3  2  8  1  6  5  9  7  4
  5  1  6  4  9  7  2  3  8
  9  5  1  6  8  2  7  4  3
  2  7  4  9  5  3  8  6  1
  6  8  3  7  1  4  5  2  9
  7  6  5  8  3  1  4  9  2
  8  3  9  2  4  6  1  5  7
  1  4  2  5  7  9  3  8  6
Tempo de geração: 0.06628179550170898 segundos (RESOLVIDO COM BACKTRACKING)

Sudoku 1:
  4  9  7  3  2  8  6  1  5
  3  2  8  1  6  5  9  7  4
  5  1  6  4  9  7  2  3  8
  9  5  1  6  8  2  7  4  3
  2  7  4  9  5  3  8  6  1
  6  8  3  7  1  4  5  2  9
  7  6  5  8  3  1  4  9  2
  8  3  9  2  4  6  1  5  7
  1  4  2  5  7  9  3  8  6
Tempo de geração: 0.017959117889404297 segundos (RESOLVIDO COM SIMULATED ANNEALING)

Sudoku 2:
  4  9  7  3  2  8  6  1  5
  3  2  8  1  6  5  9  7  4
  5  1  6  4  9  7  2  3  8
  9  5  1  6  8  2  7  4  3
  2  7  4  9  5  3  8  6  1
  6  8  3  7  1  4  5  2  9
  7  6  5  8  3  1  4  9  2
  8  3  9  2  4  6  1  5  7
  1  4  2  5  7  9  3  8  6
Tempo de geração: 0.011962413787841797 segundos (RESOLVIDO COM SIMULATED ANNEALING)

Sudoku 3:
  4  9  7  3  2  8  6  1  5
  3  2  8  1  6  5  9  7  4
  5  1  6  4  9  7  2  3  8
  9  5  1  6  8  2  7  4  3
  2  7  4  9  5  3  8  6  1
  6  8  3  7  1  4  5  2  9
  7  6  5  8  3  1  4  9  2
  8  3  9  2  4  6  1  5  7
  1  4  2  5  7  9  3  8  6
Tempo de geração: 0.03888273239135742 segundos (RESOLVIDO COM SIMULATED ANNEALING)

Sudoku 4:
  4  9  7  3  2  8  6  1  5
  3  2  8  1  6  5  9  7  4
  5  1  6  4  9  7  2  3  8
  9  5  1  6  8  2  7  4  3
  2  7  4  9  5  3  8  6  1
  6  8  3  7  1  4  5  2  9
  7  6  5  8  3  1  4  9  2
  8  3  9  2  4  6  1  5  7
  1  4  2  5  7  9  3  8  6
Tempo de geração: 0.011000633239746094 segundos

Sudoku 5:
  4  9  7  3  2  8  6  1  5
  3  2  8  1  6  5  9  7  4
  5  1  6  4  9  7  2  3  8
  9  5  1  6  8  2  7  4  3
  2  7  4  9  5  3  8  6  1
  6  8  3  7  1  4  5  2  9
  7  6  5  8  3  1  4  9  2
  8  3  9  2  4  6  1  5  7
  1  4  2  5  7  9  3  8  6
Tempo de geração: 0.034638166427612305 segundos

Sudoku 6:
  4  9  7  3  2  8  6  1  5
  3  2  8  1  6  5  9  7  4
  5  1  6  4  9  7  2  3  8
  9  5  1  6  8  2  7  4  3
  2  7  4  9  5  3  8  6  1
  6  8  3  7  1  4  5  2  9
  7  6  5  8  3  1  4  9  2
  8  3  9  2  4  6  1  5  7
  1  4  2  5  7  9  3  8  6
Tempo de geração: 0.022510528564453125 segundos

