Sudoku: 8 | Percentage: 0 | Time: 596.7676372528076
  5  3  1  7  6  2  8  9  4
  2  8  4  9  1  5  7  3  6
  6  7  9  3  4  8  5  2  1
  8  6  5  2  3  4  9  1  7
  1  9  3  6  8  7  2  4  5
  4  2  7  1  5  9  3  6  8
  9  4  2  5  7  6  1  8  3
  3  5  6  8  2  1  4  7  9
  7  1  8  4  9  3  6  5  2

Sudoku: 8 | Percentage: 0 | Time: 13508.198902130127
  5  2  1  7  6  8  4  9  3
  3  4  7  9  2  5  8  1  6
  6  8  9  3  1  4  5  2  7
  8  6  5  2  4  9  3  7  1
  1  9  3  6  8  7  2  4  5
  4  7  2  1  5  3  9  6  8
  9  1  6  5  3  2  7  8  4
  2  5  4  8  7  1  6  3  9
  7  3  8  4  9  6  1  5  2

Sudoku: 8 | Percentage: 0 | Time: 578.8761067390442
  3  7  1  9  6  4  8  2  5
  2  8  9  7  1  5  3  4  6
  5  4  6  3  2  8  9  1  7
  8  6  5  2  4  9  1  7  3
  1  2  3  6  8  7  5  9  4
  4  9  7  1  5  3  2  6  8
  9  1  4  5  3  6  7  8  2
  6  5  2  8  7  1  4  3  9
  7  3  8  4  9  2  6  5  1

Sudoku: 8 | Percentage: 0 | Time: 659.7424473762512
  3  1  7  9  6  8  5  2  4
  2  4  8  7  1  5  3  9  6
  5  9  6  3  4  2  8  1  7
  8  6  5  2  9  4  1  7  3
  1  2  3  6  8  7  9  4  5
  4  7  9  1  5  3  2  6  8
  9  3  4  5  2  6  7  8  1
  6  5  2  8  7  1  4  3  9
  7  8  1  4  3  9  6  5  2

Sudoku: 8 | Percentage: 0 | Time: 8211.101771116257
  1  4  2  7  6  9  8  3  5
  3  9  7  8  1  5  4  2  6
  5  8  6  3  2  4  1  9  7
  8  1  5  2  4  6  9  7  3
  6  2  3  9  8  7  5  1  4
  4  7  9  1  5  3  2  6  8
  9  6  4  5  3  2  7  8  1
  2  5  8  6  7  1  3  4  9
  7  3  1  4  9  8  6  5  2

Sudoku: 8 | Percentage: 0 | Time: 2533.0801725387573
  5  4  1  9  6  8  3  7  2
  3  2  9  7  1  5  8  4  6
  6  8  7  3  2  4  1  9  5
  8  6  5  2  4  9  7  1  3
  1  9  3  6  8  7  5  2  4
  4  7  2  1  5  3  9  6  8
  9  1  4  5  3  6  2  8  7
  2  5  6  8  7  1  4  3  9
  7  3  8  4  9  2  6  5  1

Sudoku: 8 | Percentage: 0 | Time: 723.9167773723602
  3  4  1  8  6  2  9  7  5
  2  8  7  9  1  5  3  4  6
  5  9  6  3  7  4  8  1  2
  8  6  5  2  4  9  1  3  7
  1  2  3  6  8  7  5  9  4
  4  7  9  1  5  3  2  6  8
  9  1  4  5  2  6  7  8  3
  6  5  8  7  3  1  4  2  9
  7  3  2  4  9  8  6  5  1

Sudoku: 8 | Percentage: 0 | Time: 6996.928918361664
  5  8  4  9  6  2  7  3  1
  2  3  1  7  4  5  8  9  6
  6  7  9  3  1  8  2  4  5
  8  6  5  2  3  4  9  1  7
  1  9  3  6  8  7  5  2  4
  4  2  7  1  5  9  3  6  8
  9  4  2  5  7  6  1  8  3
  3  5  6  8  2  1  4  7  9
  7  1  8  4  9  3  6  5  2

Sudoku: 8 | Percentage: 0 | Time: 141.8022060394287
  2  7  8  9  6  4  5  3  1
  1  3  4  7  2  5  8  9  6
  6  9  5  3  1  8  2  7  4
  8  6  9  2  4  3  7  1  5
  5  1  3  6  8  7  9  4  2
  4  2  7  1  5  9  3  6  8
  9  4  2  5  3  6  1  8  7
  3  5  6  8  7  1  4  2  9
  7  8  1  4  9  2  6  5  3

Sudoku: 8 | Percentage: 0 | Time: 2669.860151529312
  1  4  9  7  6  8  3  2  5
  3  2  7  1  4  5  8  9  6
  5  8  6  3  9  2  1  4  7
  8  6  5  2  1  4  9  7  3
  2  9  3  6  8  7  5  1  4
  4  7  1  9  5  3  2  6  8
  9  3  2  5  7  6  4  8  1
  6  5  4  8  2  1  7  3  9
  7  1  8  4  3  9  6  5  2

