Sudoku: 0 | Percentage: 100
  1  7  5  9  6  8  4  3  2
  2  3  4  7  1  5  8  9  6
  6  9  8  3  2  4  5  7  1
  8  6  7  2  4  9  3  1  5
  5  1  3  6  8  7  9  2  4
  4  2  9  1  5  3  7  6  8
  9  4  6  5  3  2  1  8  7
  3  5  2  8  7  1  6  4  9
  7  8  1  4  9  6  2  5  3

Sudoku: 1 | Percentage: 100
  1  7  5  9  6  8  4  3  0
  2  3  4  7  1  5  8  9  6
  6  9  0  3  2  4  5  7  0
  8  6  7  2  4  9  3  1  5
  5  1  3  6  8  7  9  2  4
  4  0  9  1  5  3  7  6  8
  9  4  6  5  3  2  1  8  7
  3  5  2  8  7  1  6  0  9
  7  8  1  4  9  6  2  5  3

Sudoku: 2 | Percentage: 100
  1  7  5  9  6  8  4  3  0
  2  3  4  7  0  5  8  9  6
  6  9  0  3  0  4  5  7  0
  8  6  7  2  4  9  3  1  5
  5  1  3  6  8  7  9  2  4
  4  0  0  1  5  3  7  6  8
  9  4  6  5  3  2  0  8  7
  3  5  2  8  7  1  6  0  9
  7  8  1  4  9  6  2  5  0

Sudoku: 3 | Percentage: 100
  1  0  0  9  6  8  4  3  0 
  2  0  4  7  0  5  8  9  6
  6  9  0  3  0  4  5  0  0
  8  6  7  2  4  0  3  1  5
  5  0  3  6  8  7  9  2  4
  4  0  0  1  5  3  7  6  8
  9  0  6  5  3  0  0  8  7
  3  5  2  8  7  1  6  0  9
  7  0  0  4  9  6  2  5  0

Sudoku: 4 | Percentage: 100
  1  0  0  9  6  8  4  3  0
  2  0  0  7  0  5  0  0  6
  6  9  0  3  0  4  5  0  0
  8  6  7  2  4  0  0  1  5
  5  0  3  0  8  7  9  0  4
  4  0  0  1  5  0  7  6  8
  9  0  6  0  3  0  0  8  7
  3  5  2  0  7  1  6  0  9
  7  0  0  4  9  6  0  5  0

Sudoku: 5 | Percentage: 100
  1  0  0  9  6  0  4  3  0
  2  0  0  7  0  5  0  0  6
  0  9  0  3  0  0  5  0  0
  8  6  7  2  4  0  0  0  0
  0  0  3  0  8  7  9  0  4
  4  0  0  0  5  0  7  6  8
  9  0  0  0  3  0  0  8  7
  0  5  2  0  7  1  6  0  9
  7  0  0  4  9  0  0  5  0

Sudoku: 6 | Percentage: 100
  1  0  0  0  6  0  4  0  0
  2  0  0  0  0  5  0  0  6
  0  9  0  3  0  0  5  0  0
  8  6  0  2  0  0  0  0  0
  0  0  3  0  8  7  9  0  0
  4  0  0  0  5  0  7  6  8
  9  0  0  0  0  0  0  8  0
  0  5  2  0  0  1  6  0  9
  7  0  0  4  0  0  0  5  0

Sudoku: 7 | Percentage: 100
  0  0  0  0  6  0  0  0  0
  0  0  0  0  0  5  0  0  6
  0  0  0  3  0  0  0  0  0
  8  0  0  2  0  0  0  0  0
  0  0  3  0  8  7  0  0  0
  4  0  0  0  5  0  0  6  8
  9  0  0  0  0  0  0  8  0
  0  5  0  0  0  1  0  0  9
  7  0  0  4  0  0  0  5  0
