Sudoku: 2 | Percentage: 0
 18 17  9  5 13 24 10 11 20 15  8 25  4  6  7  2 23  1 21 19 22  3 16 12 14
 21  1  6  3 19 25 18 23  7 16 14  5 11 15 22 13 12 10 17 24  2  8  4 20  9
 14  4 12  8 22  2 17  9  3  6 18 13 21 20 19 11 15 16  7  5  1 25 24 23 10
 10 25 23 20 16 12 19 22 21  1  3 24 17  9  2 14  8  6 18  4  7  5 13 15 11
 15 24  2  7 11  8 13 14  4  5 16  1 12 23 10 25 20 22  9  3 18 19  6 21 17
 22 15  4 10 12 19  9 21  8 14 23 18  5 24  3 20  2  7 13 11 16  1 17  6 25
  3 23 20 13 21 15  4 17  1  7  6  8 19 14 25 18  5  9 16 22 10 12 11  2 24
 11  9 17 14  8 18 25 12 22 10  4  2 16 13 20  3 21 24  6  1 19  7 23  5 15
  7 16  1 24 25 20  5  6 13  2 22 11 10 17 15 19 14  8 23 12  3  4 18  9 21
  2 18 19  6  5 11 23 24 16  3  7 12  9 21  1  4 10 25 15 17 13 20  8 14 22
 16  2 25 21 23  5 20 10 18 19  9 22  6  4 11 12 13 14  1  7  8 17 15 24  3
 19  8 22 18  9 14  7 15  6 24  5 23  3  2 21 16 17 20  4 10 12 11 25  1 13
  6 12 24 17 20 16 11 13 23 22  1 19 25 10  8 15  3 21  2 18 14  9  7  4  5
  4  3 13 15 14  9 12  1 17 25 20  7 18 16 24  8  6 11  5 23 21 22 19 10  2
  5 11  7  1 10  4  8  3  2 21 17 14 15 12 13 24 25 19 22  9  6 18 20 16 23
  9  5 14 12 15 22  3  2 10 11 24  4 20 19 17 23  7 18  8 16 25 21  1 13  6
 13 20 10 23  2  1 14  5 25  4 15  9  7 18  6 17 19 12  3 21 24 16 22 11  8
  1  7 16 25 18 21 24  8 19 20 11 10  2  3  5  6 22 13 14 15  4 23  9 17 12
 24 22  3  4  6 17 16 18 12 13 25 21  8  1 23  9 11  5 10 20 15 14  2  7 19
  8 21 11 19 17 23  6  7 15  9 13 16 14 22 12  1 24  4 25  2  5 10  3 18 20
 12 13 18 22  7 10 15 16 14 17 19 20 24 25  4  5  9  2 11  8 23  6 21  3  1
 17 19  5 11  1  3  2 25 24 23 21  6 22  7 18 10 16 15 20 14  9 13 12  8  4
 25 10  8  9  4 13 21 19 11 12  2  3 23  5 16  7  1 17 24  6 20 15 14 22 18
 23 14 15 16 24  6 22 20  5 18 12 17  1  8  9 21  4  3 19 13 11  2 10 25  7
 20  6 21  2  3  7  1  4  9  8 10 15 13 11 14 22 18 23 12 25 17 24  5 19 16

Sudoku: 3 | Percentage: 85
 15  4 16 23 18 20 11  7 17 25  5  9  3 13 14 21 22  8  2 10  6 19 12  1 24
 11  7 20 25 17 14 13  3  5  9 12 19  6 24  1 18 15 23  4 16  2  8 21 10 22
 22  2 10  8 21 16 15  4 18 23 17 25  7 11 20 12 24 19  6  1  3  9  5 14 13
 13  3 14  9  5  1 24  6 12 19 21  8  2 22 10 17 11 25  7 20  4 23 18 16 15
 24  6  1 19 12 10 22  2 21  8 18 23  4 15 16  5 13  9  3 14  7 25 17 20 11
  4 19 18 16 24 17  7  8 22 20 15 14 23  3  5 13  2 10  9 21 25  1 11 12  6
  7  8 17 20 22  5  3 23 15 14 11  1 25  6 12 24  4 16 19 18  9 10 13 21  2
  6 25 12  1 11 21  2  9 13 10 24 16 19  4 18 15  3 14 23  5  8 20 22 17  7
  3 23  5 14 15 12  6 25 11  1 13 10  9  2 21 22  7 20  8 17 19 16 24 18  4
  2  9 21 10 13 18  4 19 24 16 22 20  8  7 17 11  6  1 25 12 23 14 15  5  3
 21 13  9  2 14 19 18 24  1  4 10  7 22 17  8 20 12  6 11 25 15  3 16 23  5
 18 24 19  4  1  8 17 22 10  7 16  3 15  5 23 14 21  2 13  9 11  6 20 25 12
  5 15 23  3 16 25 12 11 20  6 14  2 13 21  9 10 17  7 22  8 24  4  1 19 18
 12 11 25  6 20  9 21 13 14  2  1  4 24 18 19 16  5  3 15 23 22  7 10  8 17
 17 22  8  7 10 23  5 15 16  3 20  6 11 12 25  1 18  4 24 19 13  2 14  9 21
 23 16 15  5  4 11 25 20  7 12  3 21 14  9 13  2  8 17 10 22  1 18  6 24 19
  9 14 13 21  3 24 19  1  6 18  2 17 10  8 22  7 25 12 20 11 16  5  4 15 23
  8 10 22 17  2 15 23 16  4  5  7 12 20 25 11  6 19 18  1 24 14 21  3 13  9
 19  1 24 18  6 22  8 10  2 17  4  5 16 23 15  3  9 21 14 13 20 12  7 11 25
 25 20 11 12  7 13  9 14  3 21  6 18  1 19 24  4 23  5 16 15 10 17  2 22  8
 16 18  4 15 19  7 20 17  8 11 23 13  5 14  3  9 10 22 21  2 12 24 25  6  1
 10 21  2 22  9  4 16 18 19 15  8 11 17 20  7 25  1 24 12  6  5 13 23  3 14
 20 17  7 11  8  3 14  5 23 13 25 24 12  1  6 19 16 15 18  4 21 22  9  2 10
 14  5  3 13 23  6  1 12 25 24  9 22 21 10  2  8 20 11 17  7 18 15 19  4 16
  1 12  6 24 25  2 10 21  9 22 19 15 18 16  4 23 14 13  5  3 17 11  8  7 20

