Sudoku: 0 | Percentage: 101
  2 14  4  6 15  7  1  9 12 11 13 10 16  8  5  3
 10 13 11 12  3 16  8  5  6  4 14  2  7  1  9 15
  7  1 15  9 11 10 13 12  5  3  8 16  2 14  6  4
 16  8  3  5  4  2 14  6  9 15  1  7 10 13 12 11
  1 12 10 11 16 13  5  3  4  2  6  8 14  9 15  7
 13  5 16  3  2  8  6  4 15  7  9 14  1 12 11 10
 14  9  7 15 10  1 12 11  3 16  5 13  8  6  4  2
  8  6  2  4  7 14  9 15 11 10 12  1 13  5  3 16
  9 11  1 10 13 12  3 16  2  8  4  5  6 15  7 14
 12  3 13 16  8  5  4  2  7 14 15  6  9 11 10  1
  6 15 14  7  1  9 11 10 16 13  3 12  5  4  2  8
  5  4  8  2 14  6 15  7 10  1 11  9 12  3 16 13
  3  2  5  8  6  4  7 14  1  9 10 15 11 16 13 12
  4  7  6 14  9 15 10  1 13 12 16 11  3  2  8  5
 15 10  9  1 12 11 16 13  8  5  2  3  4  7 14  6
 11 16 12 13  5  3  2  8 14  6  7  4 15 10  1  9

Sudoku: 1 | Percentage: 101
  2 14  4  6 15  7  1  9 12 11 13 10 16  8  5  3
 10 13  0 12  3 16  8  5  6  4 14  2  7  1  9 15
  7  0 15  0 11 10 13 12  5  3  8 16  2 14  6  4
 16  8  3  5  4  2 14  6  9 15  1  7 10 13 12 11
  1 12 10 11 16 13  5  3  4  2  6  8 14  9 15  7
 13  5 16  0  2  8  6  4 15  7  9 14  1 12 11 10
 14  9  7 15 10  1 12 11  3 16  0 13  8  6  4  2
  8  6  2  4  7 14  9 15 11 10 12  1 13  5  3 16
  9 11  1 10 13  0  3 16  2  8  4  5  6 15  7 14
 12  3 13 16  8  5  4  2  7 14 15  6  9 11 10  1
  6 15  0  7  1  9 11 10 16 13  3 12  5  4  2  8
  5  4  8  2 14  6 15  7 10  1 11  9 12  3 16 13
  3  2  5  8  6  4  7 14  1  9 10 15 11 16 13 12
  4  7  6 14  9 15 10  1 13 12 16 11  3  2  8  5
 15  0  9  1 12  0 16 13  8  5  0  3  4  7 14  6
 11 16 12 13  5  3  2  8 14  6  7  4 15 10  1  9

Sudoku: 2 | Percentage: 101
  2 14  4  6 15  7  1  9 12 11 13 10 16  8  5  3
 10 13  0 12  3 16  8  5  6  4 14  2  7  0  9 15
  7  0 15  0 11 10 13 12  5  3  8 16  2 14  6  4
 16  8  3  5  4  2  0  6  9 15  1  7 10 13 12 11
  1 12 10 11 16 13  5  3  4  2  6  8 14  9 15  7
 13  5 16  0  2  8  6  4 15  7  9 14  1 12 11 10
  0  9  7 15 10  1 12 11  3  0  0 13  8  6  4  2
  8  6  2  4  7 14  9 15 11  0 12  1 13  5  3 16
  9 11  1 10 13  0  3 16  2  8  4  5  6 15  0 14
 12  0 13  0  8  5  4  2  0 14  0  6  9 11 10  1
  6 15  0  7  1  9 11 10 16 13  3  0  5  4  2  8
  5  4  8  2 14  6 15  7 10  1 11  9 12  3 16 13
  3  2  5  8  6  4  7 14  1  9 10 15 11 16 13 12
  0  7  6 14  9 15 10  1 13 12 16 11  3  2  8  5
 15  0  9  1 12  0 16 13  8  5  0  3  4  7 14  6
 11 16 12 13  0  3  2  8 14  6  7  4 15 10  0  0

Sudoku: 3 | Percentage: 101
  2 14  4  6  0  7  1  9 12 11  0 10 16  8  5  3
 10 13  0 12  3 16  8  5  6  4 14  2  7  0  0 15
  7  0 15  0 11 10 13 12  5  3  8 16  2 14  6  4
 16  8  3  5  4  2  0  6  9 15  1  0 10 13 12 11
  1 12 10 11 16 13  5  3  4  2  6  8  0  9 15  7
 13  5 16  0  2  8  6  4 15  7  9 14  1 12  0 10
  0  9  0 15 10  0 12 11  3  0  0 13  8  6  4  2
  8  6  2  4  7 14  9 15 11  0 12  1 13  5  3 16
  9 11  1 10 13  0  3  0  2  8  4  5  6  0  0 14
 12  0 13  0  8  5  4  2  0 14  0  6  9 11 10  1
  6 15  0  7  1  0 11 10 16 13  3  0  5  4  2  8
  5  4  8  2 14  6 15  7 10  1 11  9 12  0 16 13
  3  2  5  8  6  4  7 14  1  9 10 15 11 16 13  0
  0  7  6 14  9 15 10  1 13 12 16 11  0  2  8  5
 15  0  9  1 12  0 16 13  8  5  0  3  4  7 14  6
 11  0 12 13  0  3  2  8 14  6  7  4 15 10  0  0

Sudoku: 4 | Percentage: 101
  2  0  4  6  0  7  1  9 12 11  0 10 16  8  5  3
 10 13  0 12  3 16  8  5  6  4 14  0  7  0  0 15
  7  0 15  0 11 10 13 12  5  3  8 16  2 14  6  4
 16  0  3  5  4  2  0  6  9 15  1  0 10  0 12 11
  1 12 10  0 16 13  5  3  4  2  6  8  0  9 15  7
 13  5 16  0  2  8  6  0 15  0  9 14  1 12  0 10
  0  9  0 15 10  0 12 11  0  0  0 13  8  6  4  2
  8  6  2  4  7 14  9 15 11  0 12  1 13  5  3 16
  9 11  1 10 13  0  3  0  2  8  4  5  6  0  0 14
 12  0 13  0  8  5  4  2  0 14  0  6  9 11 10  1
  6 15  0  7  1  0 11 10 16 13  3  0  5  4  2  8
  5  4  8  2 14  6 15  7 10  1  0  9 12  0 16 13
  3  0  5  8  6  0  7 14  1  9 10 15 11 16 13  0
  0  7  6 14  9 15 10  1 13 12  0 11  0  2  8  5
 15  0  9  1  0  0 16 13  8  5  0  3  4  7  0  6
  0  0 12 13  0  3  2  8 14  6  7  4 15 10  0  0

Sudoku: 5 | Percentage: 101
  2  0  4  6  0  7  1  9  0 11  0 10 16  8  5  3
 10 13  0 12  3 16  8  5  6  4 14  0  7  0  0 15
  7  0 15  0 11 10 13 12  5  0  8 16  2 14  6  4
  0  0  3  5  4  2  0  6  9 15  1  0 10  0 12 11
  1 12 10  0 16 13  5  3  4  2  6  8  0  9 15  7
 13  5  0  0  2  8  6  0 15  0  9 14  1 12  0 10
  0  9  0 15 10  0 12  0  0  0  0 13  8  6  4  2
  8  6  2  0  7 14  0  0 11  0 12  1 13  5  3 16
  9 11  1 10 13  0  3  0  0  8  4  5  6  0  0  0
 12  0 13  0  8  5  4  2  0 14  0  6  9 11 10  1
  6 15  0  7  1  0 11 10 16 13  3  0  5  4  2  8
  5  4  8  2 14  6 15  7 10  1  0  9 12  0  0 13
  3  0  5  8  6  0  7 14  1  0 10 15 11 16 13  0
  0  7  0  0  9 15 10  1 13  0  0 11  0  2  8  5
 15  0  9  1  0  0 16 13  8  5  0  3  4  7  0  6
  0  0 12 13  0  3  2  8 14  6  7  4 15 10  0  0

Sudoku: 6 | Percentage: 101
  2  0  4  6  0  7  1  9  0 11  0 10  0  8  5  3
 10 13  0  0  3  0  8  5  6  0 14  0  7  0  0 15
  7  0 15  0 11 10 13 12  5  0  8 16  2 14  6  4
  0  0  3  5  4  2  0  6  9 15  1  0 10  0 12 11
  1 12 10  0 16 13  5  3  4  2  6  8  0  9 15  7
 13  5  0  0  2  8  6  0 15  0  9  0  1  0  0 10
  0  9  0 15 10  0 12  0  0  0  0 13  8  6  4  2
  8  6  2  0  7 14  0  0 11  0 12  1  0  5  3 16
  9 11  1 10 13  0  3  0  0  8  4  5  6  0  0  0
 12  0 13  0  8  5  4  2  0 14  0  6  9  0 10  1
  6 15  0  7  1  0 11  0 16 13  3  0  0  4  2  8
  5  4  8  2 14  6  0  7 10  0  0  9 12  0  0 13
  0  0  5  8  6  0  7 14  1  0 10 15  0 16 13  0
  0  7  0  0  9 15 10  1 13  0  0 11  0  2  8  5
 15  0  9  1  0  0 16 13  8  5  0  3  4  7  0  6
  0  0 12 13  0  3  2  8 14  6  7  4  0 10  0  0

Sudoku: 7 | Percentage: 101
  2  0  4  6  0  7  1  9  0 11  0 10  0  8  5  0
  0 13  0  0  3  0  8  5  6  0 14  0  7  0  0 15
  7  0 15  0 11 10 13 12  5  0  8 16  0 14  6  4
  0  0  3  5  4  2  0  6  9 15  0  0 10  0 12 11
  1 12  0  0 16  0  5  3  0  2  6  8  0  9 15  7
 13  5  0  0  2  8  6  0 15  0  9  0  1  0  0  0
  0  9  0 15 10  0 12  0  0  0  0 13  8  6  4  2
  8  6  2  0  7 14  0  0 11  0 12  1  0  5  3 16
  9 11  1  0 13  0  3  0  0  8  4  5  6  0  0  0
 12  0 13  0  8  5  4  2  0 14  0  6  9  0 10  1
  6 15  0  7  1  0 11  0  0 13  3  0  0  4  2  8
  5  4  8  0 14  6  0  0 10  0  0  9 12  0  0 13
  0  0  5  8  6  0  7 14  1  0 10 15  0 16 13  0
  0  7  0  0  9 15  0  1 13  0  0 11  0  2  8  5
 15  0  9  1  0  0 16 13  8  5  0  3  4  0  0  6
  0  0 12 13  0  3  2  8 14  0  7  4  0 10  0  0



