Sudoku 0:
  2 12  4  0 13 11 14  0  8 10  6  1 16  5 15  9
 16 10  0  5  9  6  7 12 15  2 11  4  3  8  1 14
  8 14  3  1 16  5 15  4  7 13  9 12 10  2 11  6
  0 11  0 15  8 10  2  1 14  0  5 16 12  7  4 13
  7  6 15  3  5  8  4 13 16  9 12 11  2  1 14 10
  4 13 14  9  6 15 12  7  1  5  2 10 11  3  8 16
 10  2 11 12  3  1  9  0  6  7  8 14 13  4  5 15
  5 16  1  8  2 14 11 10  3  4 13 15  7  6  9 12
  6  4  7 10 11  9  0 15  0 16  3 13  1 14  2  8
  0  8 12 16  7  2  3 14 11 15  4  9  6 13 10  5
  0  3  2 13 12  4 10  8  5  1  7  6  9 15 16 11
 15  9  5 11  1 16 13  6 10  8 14  2  4 12  7  3
 13 15  9 14  4  3  0 11  2  6 10  7  5 16 12  1
 11  1 10  2 14  7  6  5 13 12 16  8 15  9  3  4
  3  7 16  6 10 12  1  9  4  0 15  5  0 11 13  2
 12  5  8  4 15 13 16  2  9 11  1  3 14  0  6  7
