Sudoku: 0 | Percentage: 85
  0 21 18  8 16  9 10  2 23  4 15 13 25 11 24  5 14 22 19  7  3 20 17 12  6
 15 19  7 23  9  0  0 12 17 24  1 20 21  8 18 11 25  6 13  4 16 10 22  5  2
 22 14 11  6  2 15 25 16  5  0 12 10  0  7  4  0  0 23  0  3  0 24 13  8 19
 24 20 17 13 12  0  7 18  6 21  5 23 19  3  2 16 10  0  1  8 11  4 25  9  0
  0  3  5 10 25 19  8 11 20 13 22 16  6 14  0 24  9 12  2 18  1  0 23 21 15
  9 11  0 22  0 20 18  8  0 14 21 19  7  5 16 25  3  2  0  0 23 13  4  1  0
  0 18  0 20  6 10 17 13 11 22  0 12 14  2  0  0  1 21  0  0  0 19  0 25  8
  3 12 25  0 13 23  4  0 16  7 17  0  0 18  8 14 11  0 22 20  6  0  5 10  0
 14  2 16  7  0  6  0  5 19 25 13  4 23 10  0  0 24 18  8  9 20 22 21 15  3
 10 23  0 19 24  2  9  0  3 15 20  6  1 25 22  4  0  5 16 13 14 17  0 18  7
  2 16 19 12  4 14 20 25 15  0 11  1  0 24 13  6 17  9  0 21  7 23 10 22  5
 21  8  3  1  0  0  5 10 22 19 23  0  2 12  0 13 18  4  0 16  0 14  6  0  0
  0 15 23 11 20 16  6  9  1 12  7  0  0 22 14  2 19 24  5 25 17  8 18  4 21
 17  0 10 14 22  7 23 24  2  0 16  9  4 21  5  1  0 11 20 12 15  0 19 13 25
 18  9 24 25  5 21  0  4 13  0 19 17  8  6 15 22 23  7 14 10  2  1 12 16 20
 11  4 14 24 21 18 13  0  7 20 25 15 16 23  6  0 22  0  9  2  5 12  8 17  0
  7 17  9  5 15  0  0  6  0 16  8 21 11 20 19  0 13  3  0  1 10  0  2 14 22
  0 22 13 18 10  1 21 15  8 17  2 14  3  9  7  0 16 25  0  5 19 11  0  0  4
 23  0  2  3  8 11 19 14  0  5  4 18 22 13 10 12 21 17  7 24 25 15 20  6 16
  6 25 20 16 19  4 22 23 10  2 24  5 17  1 12  8 15 14  0  0 21  9  7  3 13
  0  5 22 17  0 12 15 19  4 10  3 11 24 16 25  9  2  8 21  0 13  6  1  7  0
 16 10  1 15 23  5 11 22 21  6 14  7 20 17  9  0  4  0 12 19  8 25  0  2 24
  8  7  6  9  3 24  2 20 25 23 18 22 13  4 21 15  5  0 11 17 12 16 14 19 10
  0  0 12  2 11 13  1 17  0  3  6  8  5  0 23  0  7 16 25 22  4  0  9 20  0
 25 13  0  4 14  0 16  7 18  9 10  2 12 19  1  3  0  0  0 23  0  5 15 11 17

Sudoku: 1 | Percentage: 85
  0 17  9  5 13 24 10  0  0  0  8 25  4  6  7  2 23  1  0 19  0  0 16 12 14
 21  1  6  3 19 25  0 23  7 16 14  5 11 15 22 13 12 10 17 24  2  8  4  0  9
  0  0 12  8 22  2  0  0  3  6 18 13 21  0 19 11 15 16  0  0  1 25  0 23 10
 10 25 23 20 16 12 19 22 21  1  3 24 17  9  2  0  8  6 18  4  7  5 13  0 11
 15 24  2  7  0  8 13  0  4  5 16  1 12 23 10 25 20 22  9  3  0 19  6 21 17
 22 15  4 10 12 19  9 21  8 14 23 18  0 24  3  0  0  7  0 11 16  1 17  6 25
  3 23 20 13 21  0  4 17  1  0  6  8 19 14 25 18  5  9 16 22 10 12 11  2  0
 11  9 17 14  8 18 25 12  0  0  4  2  0  0 20  3 21 24  0  1  0  7 23  5 15
  7 16  1 24 25 20  5  0 13  2 22 11 10 17 15 19 14  8  0 12  3  4 18  9 21
  2 18  0  6  5  0 23 24 16  3  7 12  0 21  1  4 10 25 15 17 13 20  8 14  0
 16  2 25 21 23  5 20  0 18 19  9 22  6  4 11 12 13 14  1  0  0 17  0 24  0
  0  0  0 18  9 14  7 15  6 24  5 23  3  2 21 16 17  0  4 10 12 11 25  1 13
  0 12 24 17 20  0 11 13 23 22  1 19 25  0  8 15  3 21  2 18  0  9  7  4  5
  4  3 13 15 14  9 12  1 17 25 20  0 18  0 24  8  0 11  5 23 21 22 19 10  0
  5 11  7  1  0  4  8  3  2 21 17 14 15 12 13 24 25 19 22  9  6 18 20 16 23
  9  5 14  0  0 22  3  2 10 11 24  4 20  0 17 23  7 18  8  0  0 21  1  0  6
  0 20 10 23  2  1 14  5 25  4 15  0  7  0  6 17 19 12  3 21 24 16  0 11  8
  1  7 16 25 18 21 24  8 19 20 11 10  2  3  5  6  0 13 14  0  4 23  9  0 12
 24 22  3  4  6 17 16  0 12 13 25  0  8  1 23  9 11  5 10 20 15 14  2  7 19
  8 21 11  0  0 23  0  7 15  9 13 16 14 22 12  1 24  0 25  2  5 10  3 18 20
 12 13 18 22  7 10 15 16 14  0 19  0 24  0  4  5  9  2 11  8 23  6 21  3  1
  0 19  5 11  1  3  0 25 24 23  0  6 22  0 18 10 16 15 20 14  9  0  0  8  4
 25 10  8  9  4 13  0 19 11 12  2  3  0  5  0  7  1 17 24  6 20 15 14 22 18
 23 14 15  0 24  6 22 20  0 18 12 17  1  8  0 21  4  3 19 13 11  2 10 25  7
 20  6  0  2  3  7  1  4  9  0 10 15 13 11  0 22 18  0 12 25  0 24  5  0 16

