Sudoku: 9 | Percentage: 0 | Time: 0.0020003318786621094
  2 14  4  6 15  7  1  9 12 11 13 10 16  8  5  3
 10 13 11 12  3 16  8  5  6  4 14  2  7  1  9 15
  7  1 15  9 11 10 13 12  5  3  8 16  2 14  6  4
 16  8  3  5  4  2 14  6  9 15  1  7 10 13 12 11
  1 12 10 11 16 13  5  3  4  2  6  8 14  9 15  7
 13  5  7  3  2  8  6  4 15 16  9 14  1 12 11 10
 14  9 16 15 10  1 12 11  3  7  5 13  8  6  4  2
  8  6  2  4  7 14  9 15 11 10 12  1 13  5  3 16
  9 11  1 10 13 12  3 16  2  8  4  5  6 15  7 14
 12  3 13 16  8  5  4  2  7 14 15  6  9 11 10  1
  6 15 14  7  1  9 11 10 16 13  3 12  5  4  2  8
  5  4  8  2 14  6 15  7 10  1 11  9 12  3 16 13
  3  2  5  8  6  4  7 14  1  9 10 15 11 16 13 12
  4  7  6 14  9 15 10  1 13 12 16 11  3  2  8  5
 15 10  9  1 12 11 16 13  8  5  2  3  4  7 14  6
 11 16 12 13  5  3  2  8 14  6  7  4 15 10  1  9

Sudoku: 9 | Percentage: 0 | Time: 0.0010004043579101562
  2 14  4  6 15  7  1  9 12 11 13 10 16  8  5  3
 10 13 11 12  3 16  8  5  6  4 14  2  7  1  9 15
  7  1 15  9 11 10 13 12  5  3  8 16  2 14  6  4
 16  8  3  5  4  2 14  6  9 15  1  7 10 13 12 11
  1 12 10 11 16 13  5  3  4  2  6  8 14  9 15  7
 13  5  7  3  2  8  6  4 15 16  9 14  1 12 11 10
 14  9 16 15 10  1 12 11  3  7  5 13  8  6  4  2
  8  6  2  4  7 14  9 15 11 10 12  1 13  5  3 16
  9 11  1 10 13 12  3 16  2  8  4  5  6 15  7 14
 12  3 13 16  8  5  4  2  7 14 15  6  9 11 10  1
  6 15 14  7  1  9 11 10 16 13  3 12  5  4  2  8
  5  4  8  2 14  6 15  7 10  1 11  9 12  3 16 13
  3  2  5  8  6  4  7 14  1  9 10 15 11 16 13 12
  4  7  6 14  9 15 10  1 13 12 16 11  3  2  8  5
 15 10  9  1 12 11 16 13  8  5  2  3  4  7 14  6
 11 16 12 13  5  3  2  8 14  6  7  4 15 10  1  9

Sudoku: 9 | Percentage: 0 | Time: 0.0020401477813720703
  2 14  4  6 15  7  1  9 12 11 13 10 16  8  5  3
 10 13 11 12  3 16  8  5  6  4 14  2  7  1  9 15
  7  1 15  9 11 10 13 12  5  3  8 16  2 14  6  4
 16  8  3  5  4  2 14  6  9 15  1  7 10 13 12 11
  1 12 10 11 16 13  5  3  4  2  6  8 14  9 15  7
 13  5  7  3  2  8  6  4 15 16  9 14  1 12 11 10
 14  9 16 15 10  1 12 11  3  7  5 13  8  6  4  2
  8  6  2  4  7 14  9 15 11 10 12  1 13  5  3 16
  9 11  1 10 13 12  3 16  2  8  4  5  6 15  7 14
 12  3 13 16  8  5  4  2  7 14 15  6  9 11 10  1
  6 15 14  7  1  9 11 10 16 13  3 12  5  4  2  8
  5  4  8  2 14  6 15  7 10  1 11  9 12  3 16 13
  3  2  5  8  6  4  7 14  1  9 10 15 11 16 13 12
  4  7  6 14  9 15 10  1 13 12 16 11  3  2  8  5
 15 10  9  1 12 11 16 13  8  5  2  3  4  7 14  6
 11 16 12 13  5  3  2  8 14  6  7  4 15 10  1  9

Sudoku: 9 | Percentage: 0 | Time: 0.0019996166229248047
  2 14  4  6 15  7  1  9 12 11 13 10 16  8  5  3
 10 13 11 12  3 16  8  5  6  4 14  2  7  1  9 15
  7  1 15  9 11 10 13 12  5  3  8 16  2 14  6  4
 16  8  3  5  4  2 14  6  9 15  1  7 10 13 12 11
  1 12 10 11 16 13  5  3  4  2  6  8 14  9 15  7
 13  5  7  3  2  8  6  4 15 16  9 14  1 12 11 10
 14  9 16 15 10  1 12 11  3  7  5 13  8  6  4  2
  8  6  2  4  7 14  9 15 11 10 12  1 13  5  3 16
  9 11  1 10 13 12  3 16  2  8  4  5  6 15  7 14
 12  3 13 16  8  5  4  2  7 14 15  6  9 11 10  1
  6 15 14  7  1  9 11 10 16 13  3 12  5  4  2  8
  5  4  8  2 14  6 15  7 10  1 11  9 12  3 16 13
  3  2  5  8  6  4  7 14  1  9 10 15 11 16 13 12
  4  7  6 14  9 15 10  1 13 12 16 11  3  2  8  5
 15 10  9  1 12 11 16 13  8  5  2  3  4  7 14  6
 11 16 12 13  5  3  2  8 14  6  7  4 15 10  1  9

Sudoku: 9 | Percentage: 0 | Time: 0.0019996166229248047
  2 14  4  6 15  7  1  9 12 11 13 10 16  8  5  3
 10 13 11 12  3 16  8  5  6  4 14  2  7  1  9 15
  7  1 15  9 11 10 13 12  5  3  8 16  2 14  6  4
 16  8  3  5  4  2 14  6  9 15  1  7 10 13 12 11
  1 12 10 11 16 13  5  3  4  2  6  8 14  9 15  7
 13  5  7  3  2  8  6  4 15 16  9 14  1 12 11 10
 14  9 16 15 10  1 12 11  3  7  5 13  8  6  4  2
  8  6  2  4  7 14  9 15 11 10 12  1 13  5  3 16
  9 11  1 10 13 12  3 16  2  8  4  5  6 15  7 14
 12  3 13 16  8  5  4  2  7 14 15  6  9 11 10  1
  6 15 14  7  1  9 11 10 16 13  3 12  5  4  2  8
  5  4  8  2 14  6 15  7 10  1 11  9 12  3 16 13
  3  2  5  8  6  4  7 14  1  9 10 15 11 16 13 12
  4  7  6 14  9 15 10  1 13 12 16 11  3  2  8  5
 15 10  9  1 12 11 16 13  8  5  2  3  4  7 14  6
 11 16 12 13  5  3  2  8 14  6  7  4 15 10  1  9

Sudoku: 9 | Percentage: 0 | Time: 0.002002716064453125
  2 14  4  6 15  7  1  9 12 11 13 10 16  8  5  3
 10 13 11 12  3 16  8  5  6  4 14  2  7  1  9 15
  7  1 15  9 11 10 13 12  5  3  8 16  2 14  6  4
 16  8  3  5  4  2 14  6  9 15  1  7 10 13 12 11
  1 12 10 11 16 13  5  3  4  2  6  8 14  9 15  7
 13  5  7  3  2  8  6  4 15 16  9 14  1 12 11 10
 14  9 16 15 10  1 12 11  3  7  5 13  8  6  4  2
  8  6  2  4  7 14  9 15 11 10 12  1 13  5  3 16
  9 11  1 10 13 12  3 16  2  8  4  5  6 15  7 14
 12  3 13 16  8  5  4  2  7 14 15  6  9 11 10  1
  6 15 14  7  1  9 11 10 16 13  3 12  5  4  2  8
  5  4  8  2 14  6 15  7 10  1 11  9 12  3 16 13
  3  2  5  8  6  4  7 14  1  9 10 15 11 16 13 12
  4  7  6 14  9 15 10  1 13 12 16 11  3  2  8  5
 15 10  9  1 12 11 16 13  8  5  2  3  4  7 14  6
 11 16 12 13  5  3  2  8 14  6  7  4 15 10  1  9

Sudoku: 9 | Percentage: 0 | Time: 0.001999378204345703
  2 14  4  6 15  7  1  9 12 11 13 10 16  8  5  3
 10 13 11 12  3 16  8  5  6  4 14  2  7  1  9 15
  7  1 15  9 11 10 13 12  5  3  8 16  2 14  6  4
 16  8  3  5  4  2 14  6  9 15  1  7 10 13 12 11
  1 12 10 11 16 13  5  3  4  2  6  8 14  9 15  7
 13  5  7  3  2  8  6  4 15 16  9 14  1 12 11 10
 14  9 16 15 10  1 12 11  3  7  5 13  8  6  4  2
  8  6  2  4  7 14  9 15 11 10 12  1 13  5  3 16
  9 11  1 10 13 12  3 16  2  8  4  5  6 15  7 14
 12  3 13 16  8  5  4  2  7 14 15  6  9 11 10  1
  6 15 14  7  1  9 11 10 16 13  3 12  5  4  2  8
  5  4  8  2 14  6 15  7 10  1 11  9 12  3 16 13
  3  2  5  8  6  4  7 14  1  9 10 15 11 16 13 12
  4  7  6 14  9 15 10  1 13 12 16 11  3  2  8  5
 15 10  9  1 12 11 16 13  8  5  2  3  4  7 14  6
 11 16 12 13  5  3  2  8 14  6  7  4 15 10  1  9

Sudoku: 9 | Percentage: 0 | Time: 0.00099945068359375
  2 14  4  6 15  7  1  9 12 11 13 10 16  8  5  3
 10 13 11 12  3 16  8  5  6  4 14  2  7  1  9 15
  7  1 15  9 11 10 13 12  5  3  8 16  2 14  6  4
 16  8  3  5  4  2 14  6  9 15  1  7 10 13 12 11
  1 12 10 11 16 13  5  3  4  2  6  8 14  9 15  7
 13  5  7  3  2  8  6  4 15 16  9 14  1 12 11 10
 14  9 16 15 10  1 12 11  3  7  5 13  8  6  4  2
  8  6  2  4  7 14  9 15 11 10 12  1 13  5  3 16
  9 11  1 10 13 12  3 16  2  8  4  5  6 15  7 14
 12  3 13 16  8  5  4  2  7 14 15  6  9 11 10  1
  6 15 14  7  1  9 11 10 16 13  3 12  5  4  2  8
  5  4  8  2 14  6 15  7 10  1 11  9 12  3 16 13
  3  2  5  8  6  4  7 14  1  9 10 15 11 16 13 12
  4  7  6 14  9 15 10  1 13 12 16 11  3  2  8  5
 15 10  9  1 12 11 16 13  8  5  2  3  4  7 14  6
 11 16 12 13  5  3  2  8 14  6  7  4 15 10  1  9

Sudoku: 9 | Percentage: 0 | Time: 0.0019998550415039062
  2 14  4  6 15  7  1  9 12 11 13 10 16  8  5  3
 10 13 11 12  3 16  8  5  6  4 14  2  7  1  9 15
  7  1 15  9 11 10 13 12  5  3  8 16  2 14  6  4
 16  8  3  5  4  2 14  6  9 15  1  7 10 13 12 11
  1 12 10 11 16 13  5  3  4  2  6  8 14  9 15  7
 13  5  7  3  2  8  6  4 15 16  9 14  1 12 11 10
 14  9 16 15 10  1 12 11  3  7  5 13  8  6  4  2
  8  6  2  4  7 14  9 15 11 10 12  1 13  5  3 16
  9 11  1 10 13 12  3 16  2  8  4  5  6 15  7 14
 12  3 13 16  8  5  4  2  7 14 15  6  9 11 10  1
  6 15 14  7  1  9 11 10 16 13  3 12  5  4  2  8
  5  4  8  2 14  6 15  7 10  1 11  9 12  3 16 13
  3  2  5  8  6  4  7 14  1  9 10 15 11 16 13 12
  4  7  6 14  9 15 10  1 13 12 16 11  3  2  8  5
 15 10  9  1 12 11 16 13  8  5  2  3  4  7 14  6
 11 16 12 13  5  3  2  8 14  6  7  4 15 10  1  9

Sudoku: 9 | Percentage: 0 | Time: 0.0010008811950683594
  2 14  4  6 15  7  1  9 12 11 13 10 16  8  5  3
 10 13 11 12  3 16  8  5  6  4 14  2  7  1  9 15
  7  1 15  9 11 10 13 12  5  3  8 16  2 14  6  4
 16  8  3  5  4  2 14  6  9 15  1  7 10 13 12 11
  1 12 10 11 16 13  5  3  4  2  6  8 14  9 15  7
 13  5  7  3  2  8  6  4 15 16  9 14  1 12 11 10
 14  9 16 15 10  1 12 11  3  7  5 13  8  6  4  2
  8  6  2  4  7 14  9 15 11 10 12  1 13  5  3 16
  9 11  1 10 13 12  3 16  2  8  4  5  6 15  7 14
 12  3 13 16  8  5  4  2  7 14 15  6  9 11 10  1
  6 15 14  7  1  9 11 10 16 13  3 12  5  4  2  8
  5  4  8  2 14  6 15  7 10  1 11  9 12  3 16 13
  3  2  5  8  6  4  7 14  1  9 10 15 11 16 13 12
  4  7  6 14  9 15 10  1 13 12 16 11  3  2  8  5
 15 10  9  1 12 11 16 13  8  5  2  3  4  7 14  6
 11 16 12 13  5  3  2  8 14  6  7  4 15 10  1  9

Sudoku: 9 | Percentage: 0 | Time: 0.0009810924530029297
  2 14  4  6 15  7  1  9 12 11 13 10 16  8  5  3
 10 13 11 12  3 16  8  5  6  4 14  2  7  1  9 15
  7  1 15  9 11 10 13 12  5  3  8 16  2 14  6  4
 16  8  3  5  4  2 14  6  9 15  1  7 10 13 12 11
  1 12 10 11 16 13  5  3  4  2  6  8 14  9 15  7
 13  5  7  3  2  8  6  4 15 16  9 14  1 12 11 10
 14  9 16 15 10  1 12 11  3  7  5 13  8  6  4  2
  8  6  2  4  7 14  9 15 11 10 12  1 13  5  3 16
  9 11  1 10 13 12  3 16  2  8  4  5  6 15  7 14
 12  3 13 16  8  5  4  2  7 14 15  6  9 11 10  1
  6 15 14  7  1  9 11 10 16 13  3 12  5  4  2  8
  5  4  8  2 14  6 15  7 10  1 11  9 12  3 16 13
  3  2  5  8  6  4  7 14  1  9 10 15 11 16 13 12
  4  7  6 14  9 15 10  1 13 12 16 11  3  2  8  5
 15 10  9  1 12 11 16 13  8  5  2  3  4  7 14  6
 11 16 12 13  5  3  2  8 14  6  7  4 15 10  1  9

Sudoku: 9 | Percentage: 0 | Time: 0.0009984970092773438
  2 14  4  6 15  7  1  9 12 11 13 10 16  8  5  3
 10 13 11 12  3 16  8  5  6  4 14  2  7  1  9 15
  7  1 15  9 11 10 13 12  5  3  8 16  2 14  6  4
 16  8  3  5  4  2 14  6  9 15  1  7 10 13 12 11
  1 12 10 11 16 13  5  3  4  2  6  8 14  9 15  7
 13  5  7  3  2  8  6  4 15 16  9 14  1 12 11 10
 14  9 16 15 10  1 12 11  3  7  5 13  8  6  4  2
  8  6  2  4  7 14  9 15 11 10 12  1 13  5  3 16
  9 11  1 10 13 12  3 16  2  8  4  5  6 15  7 14
 12  3 13 16  8  5  4  2  7 14 15  6  9 11 10  1
  6 15 14  7  1  9 11 10 16 13  3 12  5  4  2  8
  5  4  8  2 14  6 15  7 10  1 11  9 12  3 16 13
  3  2  5  8  6  4  7 14  1  9 10 15 11 16 13 12
  4  7  6 14  9 15 10  1 13 12 16 11  3  2  8  5
 15 10  9  1 12 11 16 13  8  5  2  3  4  7 14  6
 11 16 12 13  5  3  2  8 14  6  7  4 15 10  1  9

Sudoku: 9 | Percentage: 0 | Time: 0.0010008811950683594
  2 14  4  6 15  7  1  9 12 11 13 10 16  8  5  3
 10 13 11 12  3 16  8  5  6  4 14  2  7  1  9 15
  7  1 15  9 11 10 13 12  5  3  8 16  2 14  6  4
 16  8  3  5  4  2 14  6  9 15  1  7 10 13 12 11
  1 12 10 11 16 13  5  3  4  2  6  8 14  9 15  7
 13  5  7  3  2  8  6  4 15 16  9 14  1 12 11 10
 14  9 16 15 10  1 12 11  3  7  5 13  8  6  4  2
  8  6  2  4  7 14  9 15 11 10 12  1 13  5  3 16
  9 11  1 10 13 12  3 16  2  8  4  5  6 15  7 14
 12  3 13 16  8  5  4  2  7 14 15  6  9 11 10  1
  6 15 14  7  1  9 11 10 16 13  3 12  5  4  2  8
  5  4  8  2 14  6 15  7 10  1 11  9 12  3 16 13
  3  2  5  8  6  4  7 14  1  9 10 15 11 16 13 12
  4  7  6 14  9 15 10  1 13 12 16 11  3  2  8  5
 15 10  9  1 12 11 16 13  8  5  2  3  4  7 14  6
 11 16 12 13  5  3  2  8 14  6  7  4 15 10  1  9

Sudoku: 9 | Percentage: 0 | Time: 0.0009982585906982422
  2 14  4  6 15  7  1  9 12 11 13 10 16  8  5  3
 10 13 11 12  3 16  8  5  6  4 14  2  7  1  9 15
  7  1 15  9 11 10 13 12  5  3  8 16  2 14  6  4
 16  8  3  5  4  2 14  6  9 15  1  7 10 13 12 11
  1 12 10 11 16 13  5  3  4  2  6  8 14  9 15  7
 13  5  7  3  2  8  6  4 15 16  9 14  1 12 11 10
 14  9 16 15 10  1 12 11  3  7  5 13  8  6  4  2
  8  6  2  4  7 14  9 15 11 10 12  1 13  5  3 16
  9 11  1 10 13 12  3 16  2  8  4  5  6 15  7 14
 12  3 13 16  8  5  4  2  7 14 15  6  9 11 10  1
  6 15 14  7  1  9 11 10 16 13  3 12  5  4  2  8
  5  4  8  2 14  6 15  7 10  1 11  9 12  3 16 13
  3  2  5  8  6  4  7 14  1  9 10 15 11 16 13 12
  4  7  6 14  9 15 10  1 13 12 16 11  3  2  8  5
 15 10  9  1 12 11 16 13  8  5  2  3  4  7 14  6
 11 16 12 13  5  3  2  8 14  6  7  4 15 10  1  9

Sudoku: 9 | Percentage: 0 | Time: 0.0009999275207519531
  2 14  4  6 15  7  1  9 12 11 13 10 16  8  5  3
 10 13 11 12  3 16  8  5  6  4 14  2  7  1  9 15
  7  1 15  9 11 10 13 12  5  3  8 16  2 14  6  4
 16  8  3  5  4  2 14  6  9 15  1  7 10 13 12 11
  1 12 10 11 16 13  5  3  4  2  6  8 14  9 15  7
 13  5  7  3  2  8  6  4 15 16  9 14  1 12 11 10
 14  9 16 15 10  1 12 11  3  7  5 13  8  6  4  2
  8  6  2  4  7 14  9 15 11 10 12  1 13  5  3 16
  9 11  1 10 13 12  3 16  2  8  4  5  6 15  7 14
 12  3 13 16  8  5  4  2  7 14 15  6  9 11 10  1
  6 15 14  7  1  9 11 10 16 13  3 12  5  4  2  8
  5  4  8  2 14  6 15  7 10  1 11  9 12  3 16 13
  3  2  5  8  6  4  7 14  1  9 10 15 11 16 13 12
  4  7  6 14  9 15 10  1 13 12 16 11  3  2  8  5
 15 10  9  1 12 11 16 13  8  5  2  3  4  7 14  6
 11 16 12 13  5  3  2  8 14  6  7  4 15 10  1  9

Sudoku: 9 | Percentage: 0 | Time: 0.001001119613647461
  2 14  4  6 15  7  1  9 12 11 13 10 16  8  5  3
 10 13 11 12  3 16  8  5  6  4 14  2  7  1  9 15
  7  1 15  9 11 10 13 12  5  3  8 16  2 14  6  4
 16  8  3  5  4  2 14  6  9 15  1  7 10 13 12 11
  1 12 10 11 16 13  5  3  4  2  6  8 14  9 15  7
 13  5  7  3  2  8  6  4 15 16  9 14  1 12 11 10
 14  9 16 15 10  1 12 11  3  7  5 13  8  6  4  2
  8  6  2  4  7 14  9 15 11 10 12  1 13  5  3 16
  9 11  1 10 13 12  3 16  2  8  4  5  6 15  7 14
 12  3 13 16  8  5  4  2  7 14 15  6  9 11 10  1
  6 15 14  7  1  9 11 10 16 13  3 12  5  4  2  8
  5  4  8  2 14  6 15  7 10  1 11  9 12  3 16 13
  3  2  5  8  6  4  7 14  1  9 10 15 11 16 13 12
  4  7  6 14  9 15 10  1 13 12 16 11  3  2  8  5
 15 10  9  1 12 11 16 13  8  5  2  3  4  7 14  6
 11 16 12 13  5  3  2  8 14  6  7  4 15 10  1  9

Sudoku: 9 | Percentage: 0 | Time: 0.0009984970092773438
  2 14  4  6 15  7  1  9 12 11 13 10 16  8  5  3
 10 13 11 12  3 16  8  5  6  4 14  2  7  1  9 15
  7  1 15  9 11 10 13 12  5  3  8 16  2 14  6  4
 16  8  3  5  4  2 14  6  9 15  1  7 10 13 12 11
  1 12 10 11 16 13  5  3  4  2  6  8 14  9 15  7
 13  5  7  3  2  8  6  4 15 16  9 14  1 12 11 10
 14  9 16 15 10  1 12 11  3  7  5 13  8  6  4  2
  8  6  2  4  7 14  9 15 11 10 12  1 13  5  3 16
  9 11  1 10 13 12  3 16  2  8  4  5  6 15  7 14
 12  3 13 16  8  5  4  2  7 14 15  6  9 11 10  1
  6 15 14  7  1  9 11 10 16 13  3 12  5  4  2  8
  5  4  8  2 14  6 15  7 10  1 11  9 12  3 16 13
  3  2  5  8  6  4  7 14  1  9 10 15 11 16 13 12
  4  7  6 14  9 15 10  1 13 12 16 11  3  2  8  5
 15 10  9  1 12 11 16 13  8  5  2  3  4  7 14  6
 11 16 12 13  5  3  2  8 14  6  7  4 15 10  1  9

Sudoku: 9 | Percentage: 0 | Time: 0.0009999275207519531
  2 14  4  6 15  7  1  9 12 11 13 10 16  8  5  3
 10 13 11 12  3 16  8  5  6  4 14  2  7  1  9 15
  7  1 15  9 11 10 13 12  5  3  8 16  2 14  6  4
 16  8  3  5  4  2 14  6  9 15  1  7 10 13 12 11
  1 12 10 11 16 13  5  3  4  2  6  8 14  9 15  7
 13  5  7  3  2  8  6  4 15 16  9 14  1 12 11 10
 14  9 16 15 10  1 12 11  3  7  5 13  8  6  4  2
  8  6  2  4  7 14  9 15 11 10 12  1 13  5  3 16
  9 11  1 10 13 12  3 16  2  8  4  5  6 15  7 14
 12  3 13 16  8  5  4  2  7 14 15  6  9 11 10  1
  6 15 14  7  1  9 11 10 16 13  3 12  5  4  2  8
  5  4  8  2 14  6 15  7 10  1 11  9 12  3 16 13
  3  2  5  8  6  4  7 14  1  9 10 15 11 16 13 12
  4  7  6 14  9 15 10  1 13 12 16 11  3  2  8  5
 15 10  9  1 12 11 16 13  8  5  2  3  4  7 14  6
 11 16 12 13  5  3  2  8 14  6  7  4 15 10  1  9

Sudoku: 9 | Percentage: 0 | Time: 0.0009989738464355469
  2 14  4  6 15  7  1  9 12 11 13 10 16  8  5  3
 10 13 11 12  3 16  8  5  6  4 14  2  7  1  9 15
  7  1 15  9 11 10 13 12  5  3  8 16  2 14  6  4
 16  8  3  5  4  2 14  6  9 15  1  7 10 13 12 11
  1 12 10 11 16 13  5  3  4  2  6  8 14  9 15  7
 13  5  7  3  2  8  6  4 15 16  9 14  1 12 11 10
 14  9 16 15 10  1 12 11  3  7  5 13  8  6  4  2
  8  6  2  4  7 14  9 15 11 10 12  1 13  5  3 16
  9 11  1 10 13 12  3 16  2  8  4  5  6 15  7 14
 12  3 13 16  8  5  4  2  7 14 15  6  9 11 10  1
  6 15 14  7  1  9 11 10 16 13  3 12  5  4  2  8
  5  4  8  2 14  6 15  7 10  1 11  9 12  3 16 13
  3  2  5  8  6  4  7 14  1  9 10 15 11 16 13 12
  4  7  6 14  9 15 10  1 13 12 16 11  3  2  8  5
 15 10  9  1 12 11 16 13  8  5  2  3  4  7 14  6
 11 16 12 13  5  3  2  8 14  6  7  4 15 10  1  9

Sudoku: 9 | Percentage: 0 | Time: 0.0009987354278564453
  2 14  4  6 15  7  1  9 12 11 13 10 16  8  5  3
 10 13 11 12  3 16  8  5  6  4 14  2  7  1  9 15
  7  1 15  9 11 10 13 12  5  3  8 16  2 14  6  4
 16  8  3  5  4  2 14  6  9 15  1  7 10 13 12 11
  1 12 10 11 16 13  5  3  4  2  6  8 14  9 15  7
 13  5  7  3  2  8  6  4 15 16  9 14  1 12 11 10
 14  9 16 15 10  1 12 11  3  7  5 13  8  6  4  2
  8  6  2  4  7 14  9 15 11 10 12  1 13  5  3 16
  9 11  1 10 13 12  3 16  2  8  4  5  6 15  7 14
 12  3 13 16  8  5  4  2  7 14 15  6  9 11 10  1
  6 15 14  7  1  9 11 10 16 13  3 12  5  4  2  8
  5  4  8  2 14  6 15  7 10  1 11  9 12  3 16 13
  3  2  5  8  6  4  7 14  1  9 10 15 11 16 13 12
  4  7  6 14  9 15 10  1 13 12 16 11  3  2  8  5
 15 10  9  1 12 11 16 13  8  5  2  3  4  7 14  6
 11 16 12 13  5  3  2  8 14  6  7  4 15 10  1  9

